12.957983 -24.991597 -28.873950
45.045872 0.825688 -7.412844
-46.607595 2.202532 -38.379747
45.020408 39.551020 -11.265306
29.526882 -2.860215 -40.516129
-31.128205 42.444444 30.358974
-8.778626 -67.801527 24.702290
0.323529 -1.676471 56.411765
57.370787 -44.202247 37.348315
-60.285714 -18.000000 -11.346939
-29.454545 -5.181818 -39.227273
-42.626506 -30.626506 15.951807
13.379310 10.896552 12.206897
-10.396396 -82.612613 -35.243243
-55.530435 -29.547826 43.408696
16.438095 -97.542857 8.228571
-0.272000 42.128000 -5.792000
59.274725 -31.714286 -20.087912
-12.933333 7.400000 13.200000
-12.485437 -26.155340 5.592233
29.766990 11.087379 56.660194
33.833333 -77.666667 -35.500000
-24.021053 -31.305263 65.642105
-29.932773 -78.436975 33.579832
8.924370 -39.344538 46.487395
31.592920 57.292035 -7.433628
35.610390 5.376623 7.584416
-35.935484 11.161290 5.333333
-41.486239 -12.972477 9.944954
29.926606 29.009174 44.697248
-60.836364 -35.200000 -3.418182
36.363636 -73.848485 33.484848
14.242424 -26.444444 5.818182
16.800000 12.088889 -4.222222
15.228070 -82.385965 -34.105263
-6.571429 49.714286 10.619048
13.024390 -62.813008 23.154472
55.608247 2.701031 -21.360825
-44.627451 14.784314 -22.392157
0.285714 -28.535714 -42.464286
-50.172414 -59.931034 23.689655
46.000000 28.846154 29.076923
48.167939 -10.793893 44.549618
-18.000000 -97.155556 -9.288889
37.340659 21.780220 -1.714286
-25.412844 -7.064220 0.880734
-41.968254 9.333333 47.555556
46.701754 -58.736842 44.140351
43.818182 -44.836364 -42.109091
1.050847 -14.169492 43.254237
56.831858 -50.389381 -13.380531
-37.206897 -43.655172 47.896552
-44.426230 24.393443 29.540984
43.888889 -27.000000 17.555556
-19.761194 -76.925373 -14.537313
-30.912281 58.105263 -5.684211
-55.375000 -16.187500 -30.875000
55.226667 -14.853333 -31.680000
13.683168 60.336634 24.514851
-22.444444 -60.422222 -33.488889
11.781513 -41.596639 69.210084
52.628571 -29.257143 -1.600000
-10.000000 58.170213 -17.021277
-22.466667 -6.966667 -21.700000
-29.865546 -1.596639 57.445378
-7.949580 -22.403361 -27.798319
9.833333 -73.266667 6.666667
13.645161 -64.225806 59.516129
36.571429 -20.734694 -26.612245
19.639344 -23.803279 69.409836
-21.048951 -38.055944 -37.006993
7.557895 47.852632 9.894737
-0.628571 39.638095 -22.400000
-36.784314 -87.921569 -4.039216
57.568627 2.980392 6.392157
-16.967742 11.333333 -3.354839
-0.871795 -48.632479 25.641026
47.906542 -68.355140 -8.411215
22.375000 -6.093750 -21.593750
-27.830508 -66.576271 48.677966
-11.979381 60.061856 24.618557
10.378947 -9.747368 9.852632
30.136752 -47.025641 63.282051
-57.315315 -52.306306 7.603604
-24.032787 -56.098361 -12.262295
43.457627 44.677966 9.355932
46.697674 4.744186 -38.790698
37.783784 -86.360360 -3.207207
-43.614679 -1.266055 -8.000000
50.867925 9.622642 26.452830
0.482759 22.655172 35.103448
-26.550000 39.700000 -15.650000
14.307692 -52.265734 -0.223776
-36.042553 -22.297872 -25.617021
5.660377 -87.622642 22.754717
61.009901 -14.514851 -11.524752
-4.336634 26.158416 54.217822
-45.515152 -14.515152 44.606061
31.344538 45.159664 28.336134
-10.972973 -61.459459 60.612613
-1.191489 20.212766 -13.574468
-44.653465 -64.217822 -36.356436
16.065934 19.318681 -20.307692
-40.137405 -24.351145 60.305344
60.074074 -9.259259 28.148148
15.377778 46.000000 43.111111
-48.070175 -70.982456 0.385965
-25.969231 24.369231 48.769231
-11.182609 -54.730435 2.713043
38.617886 -26.552846 59.121951
-59.743590 -37.760684 24.068376
10.530612 59.306122 -17.346939
39.666667 16.818182 -20.090909
-10.654545 -98.836364 9.200000
-49.674797 5.447154 29.560976
57.881481 -48.696296 8.059259
-43.009009 42.504505 10.414414
0.730159 6.920635 39.015873
22.556291 -71.298013 -11.920530
-55.407407 -55.037037 -12.481481
-36.828283 23.333333 -8.888889
-5.573333 -48.640000 -18.773333
28.730769 58.615385 11.538462
-23.787879 -34.212121 -12.727273
26.925620 -31.752066 -12.396694
-53.469388 -48.979592 42.938776
-7.876106 -38.070796 46.867257
-56.305882 -0.352941 -19.576471
-10.893204 66.621359 2.019417
15.305263 0.694737 68.042105
51.793103 -56.862069 24.137931
-28.407407 -50.777778 62.666667
-51.372549 22.431373 7.686275
-55.669565 0.956522 7.478261
-0.327869 -22.754098 65.508197
55.538462 -27.692308 45.653846
29.760684 -64.564103 49.572650
0.126984 -87.047619 -5.904762
12.714286 24.333333 59.095238
46.928000 -71.120000 12.128000
-19.708738 -15.203883 70.368932
-19.890110 18.571429 -20.747253
-56.561798 -35.617978 -21.977528
52.285714 24.408163 6.897959
1.366667 -33.100000 -12.700000
14.978417 -47.122302 -23.510791
-28.208333 -89.833333 17.166667
-11.164557 -90.151899 29.316456
25.698925 38.344086 -16.258065
59.858586 -31.090909 25.131313
46.629630 -63.407407 -36.518519
11.242718 66.893204 1.980583
19.826087 -93.956522 -9.304348
25.733333 -6.533333 0.228571
-59.203540 -12.477876 27.681416
44.336000 11.024000 43.520000
-39.677419 -70.387097 -17.247312
1.317647 -51.694118 -40.047059
0.444444 42.407407 33.444444
43.185185 -12.629630 9.407407
-43.892857 -66.714286 41.500000
35.503356 -51.530201 -18.201342
-6.840000 -10.960000 6.880000
38.350877 -40.947368 48.140351
-14.494382 44.966292 42.696629
66.857143 -36.857143 -4.285714
29.567568 -86.000000 21.261261
33.043478 -36.782609 -28.086957
-13.020408 7.102041 66.734694
-44.606742 40.471910 -11.011236
-0.326531 32.040816 19.673469
-8.991597 -73.630252 5.142857
1.973856 -67.045752 -21.960784
-31.142857 13.123810 -37.295238
-10.495238 -41.809524 68.723810
14.823529 -79.088235 40.176471
-29.642276 -79.040650 -37.821138
-58.720721 -22.792793 8.828829
63.298246 -21.929825 7.508772
33.927928 -8.774775 59.603604
-43.514563 -76.524272 17.825243
0.555556 -29.166667 32.722222
-38.896000 -46.096000 -23.584000
0.736842 -59.954887 42.015038
-28.057143 55.371429 13.257143
25.421384 -60.415094 -34.716981
31.663366 15.584158 -37.346535
-10.168067 -77.193277 45.411765
